17 15 9 24 26 17 21 3 4 18 29 9 21 8 23 13 17 6
6 24 5 2 17 17 15
14 9 12 15 18 14 29 30 8 28 26 2 21 23 24
20 6 20 18 13 9 19 9 16 15 13 4 30 8 15 8 17 26 11 19 15
1 17
5 25 7 27 3 3
3 21 19 7
4 25 24 25 18
9 19 30 12 6 10 19 24 10 3
2 24 28
3 23 7 27
1 7
16 12 13 8 12 7 25 19 3 7 18 29 1 22 5 21 5
11 13 23 12 13 25 15 20 3 23 14 18
17 7 28 7 22 17 7 3 19 20 19 23 27 11 30 23 12 4
12 29 2 11 17 26 12 3 7 12 18 5 17
8 10 28 3 22 27 9 15 23
8 26 13 7 20 3 15 21 15
3 25 12 3
9 9 8 30 2 21 5 9 23 30
10 30 21 5 13 13 17 19 7 28 15
1 2
13 10 14 20 20 15 30 15 17 12 28 12 20 18
9 18 30 28 10 23 16 30 3 28
1 8
2 27 17
12 11 18 22 13 17 12 9 27 21 11 5 4
14 25 6 18 6 13 15 4 17 19 7 6 28 10 11
9 24 27 23 8 21 26 20 13 15
2 8 26
9 4 22 8 6 6 17 10 18 16
9 21 16 18 24 27 18 30 11 19
7 29 9 4 10 17 13 2
14 3 3 2 17 12 26 23 11 21 7 14 16 26 16
14 22 7 11 9 28 1 23 19 24 12 4 16 6 2
2 28 3
1 15
16 16 20 3 23 28 29 17 3 24 22 29 26 16 14 4 28
10 28 28 2 30 2 13 7 19 10 6
18 13 20 24 10 11 19 7 25 19 3 24 16 25 1 19 3 26 14
13 15 3 2 24 18 16 8 6 25 6 28 5 30
13 8 9 25 19 28 12 3 29 15 3 19 25 5
7 15 25 14 6 23 21 7
1 26
15 16 11 3 19 30 16 18 3 22 5 13 9 15 21 23
7 15 20 27 18 19 24 12
19 8 22 29 1 15 11 1 3 17 25 22 19 7 29 22 1 29 23 2
2 3 22
16 8 1 3 15 5 20 20 30 23 9 7 22 10 28 17 8
12 5 10 21 10 23 24 2 4 1 3 20 6
1 1
15 24 15 18 14 24 10 13 29 20 14 4 6 1 18 9
20 17 28 9 6 29 27 26 20 26 6 7 10 25 2 25 14 20 25 30 1
7 13 21 17 17 11 3 30
12 17 17 2 20 12 7 9 29 10 16 30 18
3 26 4 29
14 22 20 19 7 20 7 24 22 11 30 30 14 9 9
17 26 27 23 23 23 17 12 3 4 24 27 23 29 6 24 6 16
7 3 9 12 16 19 3 4
19 4 19 11 18 26 7 18 30 2 23 30 4 3 17 2 12 24 13 22
12 1 13 22 27 1 23 3 4 28 14 19 20
10 29 30 29 4 2 28 14 30 14 13
17 14 15 6 22 7 23 13 30 18 14 25 7 6 19 11 20 18
13 19 5 5 20 13 18 14 28 15 8 28 14 3
15 18 5 15 24 9 6 3 6 6 2 22 19 10 26 24
8 7 30 1 10 4 5 4 18
7 3 11 23 9 27 3 24
17 23 26 22 12 19 17 27 2 29 18 2 2 18 1 7 9 25
14 13 6 30 19 30 3 19 1 27 18 16 4 25 17
12 14 29 23 22 11 26 26 2 17 18 28 16
7 28 4 16 11 19 15 21
17 9 30 30 28 6 22 4 17 23 9 2 21 12 13 1 2 22
3 3 8 2
18 16 3 8 16 5 19 19 8 24 19 28 26 7 9 27 22 24 9
7 6 30 13 14 19 13 21
14 6 29 21 6 9 7 17 30 13 7 10 15 3 28
14 15 10 16 24 15 18 20 28 24 23 5 6 13 20
19 12 29 20 8 22 17 27 13 3 12 10 28 18 13 30 4 13 29 5
6 3 14 18 5 28 5
2 15 8
3 30 7 6
3 6 23 16
10 7 6 7 10 8 28 23 28 30 6
15 16 5 13 12 6 23 15 27 14 20 5 29 27 27 24
4 19 16 3 11
10 13 18 9 1 9 23 2 12 25 16
4 5 11 19 15
7 24 18 21 18 29 26 1
3 25 3 27
19 16 9 8 21 16 22 4 19 25 14 28 19 1 8 16 7 22 8 27
2 7 17
13 18 21 15 19 9 30 29 7 20 5 10 9 16
4 25 6 20 11
14 20 16 22 18 27 23 23 26 20 9 6 22 12 18
20 4 24 11 22 23 1 15 9 27 13 7 28 5 24 30 8 17 11 7 7
14 15 28 16 26 9 30 11 8 20 22 10 29 5 19
9 15 21 6 3 27 6 6 1 14
9 3 8 23 23 23 20 27 1 18
20 4 3 10 16 11 11 28 23 18 1 29 29 29 17 28 26 28 21 20 18
5 25 26 22 4 2
2 10 15
17 3 15 22 3 23 18 6 24 1 18 2 4 16 20 4 28 15
15 8 18 21 20 27 11 12 29 29 8 11 20 23 18 27
4 21 3 27 6
3 13 17 19
6 23 22 11 11 26 14
8 17 16 7 15 29 10 3 27
2 16 10
15 1 6 12 9 1 29 28 6 22 26 7 19 18 14 8
3 25 19 29
4 18 5 14 10
4 10 21 28 17
13 7 3 25 22 13 15 30 16 24 4 28 15 7
14 26 14 25 18 5 3 12 10 16 17 26 5 30 26
5 25 17 12 11 3
2 5 29
14 8 22 13 9 25 6 24 30 13 2 6 21 19 23
20 13 28 30 3 8 4 1 12 8 7 26 24 18 1 30 9 15 21 14 28
19 29 20 7 8 11 3 17 10 30 25 27 16 8 27 8 7 2 23 22
4 12 12 8 13
11 16 25 10 5 4 28 12 24 1 2 7
1 21
20 2 8 4 22 16 20 19 21 11 29 29 4 21 14 12 15 18 8 14 12
14 11 25 11 21 29 15 4 22 1 16 22 28 29 17
19 30 20 23 22 17 11 3 20 11 3 11 24 2 28 9 22 7 11 2
7 24 10 11 7 19 1 30
3 20 22 4
5 30 25 1 20 9
10 7 12 24 1 17 26 11 7 22 11
9 7 4 2 22 5 19 5 1 22
7 10 26 11 1 13 8 30
17 17 12 24 17 19 14 13 4 2 2 13 11 22 1 14 8 15
18 23 27 1 19 27 3 3 26 21 29 21 16 23 24 15 8 26 13
18 11 10 20 19 12 21 16 16 10 4 5 2 4 13 6 17 2 28
20 6 24 18 3 26 22 10 12 7 9 20 6 5 3 17 26 25 19 12 26
1 22
4 19 27 1 19
7 9 29 4 27 25 6 27
7 29 24 23 7 13 28 26
12 16 4 27 21 18 9 16 1 28 27 6 30
13 9 26 21 18 7 29 1 14 20 28 29 5 25
18 13 27 6 12 19 24 27 26 30 8 11 18 28 23 14 1 3 23
13 28 12 27 19 6 26 25 26 7 10 17 20 19
12 6 26 20 20 29 9 1 6 19 16 7 20
17 12 23 19 20 27 21 9 14 3 11 2 25 23 6 15 22 7
16 1 29 9 11 3 28 22 28 26 18 20 11 30 17 15 15
19 4 18 7 15 10 9 22 21 11 20 5 29 2 20 19 11 30 12 14
20 20 30 13 15 19 10 14 17 23 25 11 26 1 1 13 25 7 26 13 21
4 19 21 12 16
15 18 4 22 24 20 14 12 19 21 16 15 3 10 5 6
15 3 18 20 10 10 13 29 27 14 30 1 19 23 18 9
2 25 14
16 5 22 24 11 14 16 3 26 28 19 7 26 23 12 21 7
13 11 9 8 23 8 16 30 8 15 9 7 20 7
16 9 21 4 27 13 28 6 22 10 26 17 18 14 6 18 2
11 4 16 3 22 28 12 8 6 10 8 23
10 18 10 18 10 24 3 16 8 25 14
11 25 5 10 14 25 14 14 30 7 9 27
12 19 23 14 15 22 8 8 17 27 10 30 7
15 14 4 12 27 14 13 15 11 30 12 23 17 9 7 25
6 24 29 22 13 4 18
8 9 23 19 5 20 17 9 21
12 15 20 4 4 17 21 12 10 7 18 3 17
5 18 10 17 25 15
8 5 29 17 5 2 8 4 22
20 22 14 4 21 26 25 23 11 11 26 15 13 22 20 2 11 21 20 6 14
14 14 14 23 28 25 3 14 8 25 26 28 14 12 10
10 20 16 29 6 26 25 27 4 21 18
13 11 14 14 19 13 23 10 6 2 1 7 29 27
8 5 15 3 23 13 13 22 1
6 25 1 26 27 15 23
14 19 18 14 7 29 8 28 29 15 29 13 14 12 26
1 10
6 18 5 22 2 27 11
18 6 9 20 10 16 13 1 11 6 1 28 19 4 12 10 23 30 19
9 13 8 20 2 12 12 12 29 15
11 20 3 1 24 21 16 21 6 14 27 25
16 15 12 22 17 27 22 13 6 6 29 18 21 24 23 26 30
1 14
5 29 7 3 6 13
6 21 10 19 26 1 21
4 7 20 13 19
6 25 5 17 21 23 18
9 16 5 19 23 27 26 11 8 22
3 19 27 15
16 7 3 9 2 3 7 29 22 14 23 24 21 26 27 7 30
2 18 10
7 19 15 18 6 11 21 9
2 4 10
9 23 19 10 23 16 18 19 30 19
20 21 24 22 3 16 1 25 26 27 9 27 19 19 9 15 17 13 24 30 1
20 5 16 6 12 5 18 24 23 8 20 3 3 14 14 4 24 29 9 10 6
16 8 21 19 13 20 12 4 23 5 16 17 7 10 8 10 4
10 2 27 18 4 6 5 1 28 23 5
9 30 7 18 15 29 12 2 13 14
3 14 19 11
3 28 22 12
13 24 3 6 8 12 11 6 10 18 3 9 15 1
11 28 20 11 2 10 9 10 30 5 7 8
1 1
9 6 7 12 7 26 1 29 25 11
8 16 3 10 9 20 18 13 4
15 13 25 15 13 8 21 26 6 16 18 23 30 1 20 26
12 26 12 17 15 29 4 10 3 3 12 30 25
20 20 5 20 7 9 28 17 15 29 29 16 2 18 27 1 17 4 10 18 18
3 10 27 3
13 9 30 20 7 13 2 6 13 19 5 11 27 17
2 9 27
8 8 22 25 28 25 10 10 24
12 7 28 17 23 3 16 13 4 4 1 13 27
9 29 30 10 14 14 20 12 13 20
4 20 25 2 20
14 12 13 25 4 26 3 30 5 4 24 14 10 6 6
17 22 9 18 14 5 29 22 1 16 19 30 7 13 16 26 20 7
18 19 1 13 13 29 18 19 21 6 28 18 21 21 5 12 27 8 12
4 27 8 2 25
11 10 15 18 14 23 19 19 22 4 17 11
6 17 30 2 29 27 28
18 4 2 8 1 12 9 27 16 25 26 8 2 29 27 18 22 2 3
15 7 7 23 8 19 8 1 28 2 4 2 1 9 5 11
19 14 16 14 6 8 30 29 7 22 3 23 14 27 14 11 24 11 1 28
1 21
12 3 26 29 15 15 25 4 2 30 20 23 3
9 14 26 3 13 13 11 19 29 28
20 14 22 24 2 27 4 2 19 18 23 29 12 10 7 14 13 29 16 7 6
17 2 11 17 12 15 13 27 30 21 24 17 16 20 29 25 22 6
6 27 2 23 9 28 6
17 20 3 24 1 19 25 30 22 12 29 3 30 10 4 28 16 8
9 4 17 10 21 11 25 24 29 23
12 27 17 27 29 28 2 24 6 23 9 4 21
1 16
19 15 14 19 17 9 3 29 10 23 29 13 16 3 3 27 27 8 29 4
16 5 14 23 21 15 15 2 30 15 10 21 28 26 3 7 12
4 3 28 9 22
2 24 30
12 14 5 14 25 4 20 26 18 8 25 10 2
9 6 11 8 23 18 25 16 18 14
8 26 11 1 19 18 12 21 21
16 22 4 15 7 23 22 12 21 28 19 11 20 16 24 13 1
20 5 5 7 8 22 14 5 25 10 22 7 25 9 16 2 8 9 29 28 9
13 21 20 13 14 7 26 20 11 8 5 29 21 25
7 29 7 21 21 10 10 29
15 2 23 26 25 14 28 1 27 11 28 8 25 15 1 28
10 14 18 20 19 29 9 10 8 16 10
11 17 11 21 21 28 16 9 21 21 4 26
14 14 22 5 6 7 13 29 15 3 13 10 25 22 25
13 29 24 3 3 13 13 15 9 12 25 30 18 27
20 1 25 21 5 6 20 15 4 2 21 6 2 19 28 29 25 15 1 21 5
3 21 3 2
9 28 9 30 28 12 22 28 24 26
7 16 27 11 10 8 29 8
7 13 4 19 26 18 13 5
20 28 1 4 20 12 3 5 29 30 29 21 29 16 30 1 17 19 7 14 5
10 11 19 6 27 22 15 19 22 28 15
3 25 20 28
20 27 28 23 10 19 4 27 24 19 22 22 4 24 23 12 1 21 21 29 13
3 12 18 18
14 15 24 2 12 16 5 11 14 14 20 10 5 27 27
20 17 19 2 4 23 22 27 11 15 27 19 20 17 11 13 13 19 1 2 6
6 27 23 24 22 26 29
2 24 6
15 1 13 19 16 22 4 5 19 20 2 3 17 22 3 1
13 25 14 17 17 1 6 23 2 23 13 17 4 14
2 11 21
17 21 11 3 14 11 4 11 23 29 12 5 11 9 22 8 17 16
2 20 20
16 15 17 24 1 19 15 13 16 24 19 19 12 27 10 16 4
4 14 12 17 14
1 24
5 17 23 2 19 1
2 25 12
15 24 19 7 23 28 22 16 19 8 16 14 16 24 17 8
4 21 24 20 16
5 13 18 15 20 22
10 3 12 12 21 28 9 5 24 19 20
8 6 24 11 10 6 25 30 7
12 11 20 23 19 18 1 15 5 8 28 16 4
15 17 1 14 25 26 28 18 30 15 2 11 3 16 4 23
8 16 2 18 16 22 23 24 30
2 25 3
20 24 3 27 8 17 17 7 21 27 3 8 19 4 13 27 17 29 13 7 30
10 6 19 27 29 27 18 24 9 3 21
5 18 2 19 20 22
9 25 20 17 24 2 10 11 10 8
16 15 14 10 15 10 15 3 29 10 20 24 8 1 17 11 13
4 18 22 28 13
7 11 20 15 18 3 27 10
16 7 3 15 24 26 11 21 8 14 1 29 4 15 6 27 9
4 7 16 15 24
4 5 2 2 25
13 25 6 16 29 20 17 16 27 7 29 22 19 9
19 12 2 14 12 2 30 13 12 1 29 30 9 27 2 12 21 7 29 20
5 2 4 7 7 14
17 30 20 13 13 10 12 2 8 24 23 12 2 22 18 13 20 9
17 20 10 4 25 19 10 26 19 29 11 15 6 10 26 26 12 18
13 17 4 16 9 18 12 23 2 19 15 19 15 18
3 23 2 2
2 9 9
6 18 3 9 23 5 14
2 7 23
12 15 2 5 19 10 2 17 13 20 25 18 4
8 27 1 17 14 30 10 2 23
10 22 17 9 6 10 22 7 20 17 18
3 25 25 7
10 5 15 29 19 21 23 21 9 3 9
15 6 4 22 23 18 10 2 27 18 24 28 12 10 22 2
1 25
10 2 28 3 1 26 18 4 2 21 17
6 1 27 9 5 22 22
1 27
18 30 28 25 7 8 30 8 25 7 27 27 25 23 21 21 13 28 24
9 27 29 24 11 8 14 3 7 8
16 3 10 16 1 29 30 26 29 7 21 19 14 6 22 15 30
5 17 1 4 19 25
4 18 7 30 25
14 21 15 22 13 26 1 30 24 29 2 24 24 14 5
14 6 19 11 15 29 15 17 24 9 10 16 20 29 17
12 4 29 4 10 2 18 5 3 6 15 27 19
15 6 9 29 12 6 28 29 9 30 27 3 19 22 27 5
9 1 11 7 19 29 7 19 14 10
11 19 20 12 22 12 12 27 7 25 30 11
19 4 28 12 3 12 23 18 20 6 23 25 4 23 13 24 29 2 14 7
8 12 10 30 5 5 20 28 25
20 6 25 30 13 19 26 8 21 8 18 19 15 15 19 19 15 11 19 16 22
16 22 29 12 8 19 17 4 18 15 14 5 21 21 6 6 15
9 29 10 7 15 2 29 21 8 26
12 29 28 11 17 7 1 3 13 11 1 24 25
7 12 28 20 3 1 17 28
18 28 27 19 5 12 19 14 5 12 23 27 10 16 1 1 20 25 7
5 21 8 11 6 17
14 17 19 27 13 1 29 8 27 24 4 9 1 5 26
7 16 2 24 23 14 15 12
19 8 7 1 18 9 15 16 8 30 27 11 9 9 9 28 30 9 30 17
1 6
5 25 8 24 10 19
2 20 10
18 20 19 13 24 5 27 29 22 13 13 5 9 8 8 22 7 23 17
19 25 21 26 17 20 14 30 20 18 4 22 8 24 7 8 12 6 11 22
19 24 28 6 8 24 6 30 28 27 6 5 3 11 17 30 20 11 9 2
19 22 13 25 15 15 1 24 14 3 27 2 3 29 23 22 12 27 29 2
8 1 4 28 3 16 2 15 12
5 4 15 20 29 12
12 10 13 3 14 4 24 22 11 12 6 6 3
1 14
17 1 9 14 6 19 6 27 11 29 1 24 4 16 11 29 4 8
5 18 30 30 23 7
3 5 8 20
15 6 16 8 11 19 16 23 19 10 14 16 9 29 3 16
14 8 19 8 5 16 7 9 13 6 16 27 8 9 24
12 25 15 15 10 11 20 27 9 14 14 10 3
8 5 20 2 27 1 25 3 12
4 13 6 15 4
16 26 10 3 23 20 5 26 28 11 2 14 16 14 7 24 22
11 8 2 8 29 16 5 13 18 25 17 28
13 29 5 18 10 11 1 22 10 4 30 19 23 20
14 6 27 19 21 10 18 23 11 18 24 16 11 26 25
10 12 29 19 2 13 16 17 12 5 26
10 6 29 6 10 13 9 7 27 14 26
3 15 27 16
2 8 10
19 1 5 1 7 6 4 7 21 2 18 25 13 16 1 13 3 16 5 14
18 19 14 26 11 5 7 30 6 13 2 25 22 20 12 28 26 16 1
14 30 16 20 10 19 26 10 1 5 30 29 20 26 27
19 7 1 8 3 28 25 3 9 28 3 5 24 19 28 12 13 13 1 17
20 10 3 1 2 24 3 24 11 3 8 3 4 28 15 18 4 8 19 14 20
8 8 24 7 16 18 19 19 29
14 29 16 19 27 25 19 29 13 3 29 17 1 29 19
5 19 15 23 22 10
11 10 20 17 17 27 9 23 27 3 27 1
5 9 16 2 17 19
12 24 15 3 14 16 26 17 6 6 7 27 3
3 22 25 16
8 17 11 1 22 8 4 3 7
5 9 11 20 17 14
19 28 3 13 24 1 12 14 30 5 4 16 18 21 11 18 19 6 14 19
7 6 12 8 15 24 27 5
6 1 5 25 27 2 28
6 13 28 17 18 16 30
15 4 13 28 3 22 20 11 3 1 2 15 17 25 10 16
18 18 14 24 3 14 19 11 7 14 11 5 6 2 28 10 24 13 19
8 29 10 14 8 14 15 21 27
15 15 7 19 5 21 30 21 4 3 14 15 11 14 10 26
11 14 19 28 19 1 4 1 4 26 6 2
11 19 20 24 19 26 23 22 4 17 19 18
6 23 28 23 23 25 11
12 23 3 11 5 25 28 27 10 13 30 18 27
6 4 7 14 2 22 19
12 1 11 23 11 28 15 3 4 29 30 23 22
14 27 2 28 1 27 19 18 27 7 10 4 10 11 17
18 14 8 24 4 29 16 27 2 30 26 8 7 23 22 30 1 29 26
5 27 9 8 2 11
17 6 2 19 9 4 5 28 18 17 24 21 11 7 4 25 15 17
12 27 7 24 23 5 6 26 16 2 11 3 24
19 10 27 1 1 29 24 3 7 28 3 19 26 14 3 26 7 18 15 24
6 16 28 24 3 23 13
19 28 30 15 17 10 27 12 29 18 6 2 22 16 19 22 20 26 22 24
6 26 3 18 3 10 26
14 16 7 17 25 8 2 8 6 4 15 2 17 27 27
14 26 30 12 10 8 23 27 7 10 11 13 20 24 24
9 18 30 19 8 16 9 20 14 7
14 7 6 24 16 25 21 20 27 13 5 23 21 21 17
4 10 13 20 6
20 17 6 26 12 17 23 11 9 19 9 6 10 12 15 29 18 5 3 12 15
8 7 3 21 22 27 15 18 3
11 15 30 27 2 20 11 2 1 28 15 4
3 22 16 11
6 14 17 28 11 2 16
17 2 12 17 17 21 4 30 17 7 12 10 6 13 3 8 22 29
11 25 28 13 25 14 12 23 8 17 22 13
19 4 12 19 11 27 12 25 6 20 9 22 28 4 11 3 28 27 21 23
16 1 22 29 18 27 4 23 8 28 11 21 23 5 30 21 7
18 24 21 13 26 9 1 19 25 22 3 30 19 27 20 13 20 30 12
20 9 4 8 18 11 1 2 22 12 16 11 5 23 3 16 22 8 28 14 4
1 14
4 18 6 18 25
7 20 10 19 11 29 5 23
17 8 26 26 28 28 25 2 28 26 23 26 6 6 19 4 23 18
14 6 11 3 24 11 14 8 3 13 28 29 1 16 15
3 16 18 8
5 19 5 26 11 22
2 1 18
11 6 30 4 10 10 26 17 28 22 12 7
2 19 29
9 28 2 24 14 4 9 7 29 30
17 27 2 23 4 3 20 22 4 2 21 15 1 26 30 24 22 4
1 8
18 16 9 18 7 24 5 2 20 4 18 20 10 11 28 4 24 6 13
14 27 4 8 13 9 28 22 21 19 3 3 11 12 12
3 8 30 16
12 13 4 10 23 10 28 11 19 11 10 15 5
16 7 20 8 13 11 27 23 25 28 14 27 3 3 15 22 1
20 2 12 21 19 18 23 21 29 25 3 20 26 11 9 13 25 11 8 23 4
17 6 2 27 17 6 9 6 3 11 8 18 12 21 18 7 25 4
1 22
6 11 17 21 8 14 21
3 1 20 8
18 13 11 26 18 21 15 5 26 1 11 2 24 21 11 30 19 1 10
2 18 27
11 26 21 25 16 2 15 14 3 13 19 28
11 20 25 9 17 22 23 4 23 20 2 28
11 23 9 20 18 21 22 3 2 4 2 11
9 11 12 19 2 8 18 11 4 2
16 19 9 13 7 21 8 3 15 15 12 25 20 18 24 1 7
19 12 26 10 9 21 17 3 12 21 9 22 8 29 23 7 3 2 27 11
17 14 19 3 17 21 29 12 25 2 23 2 30 21 14 21 13 3
15 27 22 20 16 16 16 18 29 7 25 27 23 30 16 17
20 26 13 4 25 23 23 2 12 9 3 12 14 9 9 21 4 2 2 9 9
15 16 7 6 14 2 15 30 5 18 20 14 8 4 8 21
1 14
12 22 11 30 4 19 15 3 12 25 23 29 26
6 30 24 16 28 30 22
2 6 14
3 14 27 9
20 20 7 21 5 23 29 27 17 11 3 14 22 24 15 9 24 9 16 2 9
2 12 28
15 21 2 30 10 4 24 15 29 25 22 23 8 4 15 13
6 25 18 21 13 8 16
9 16 17 23 12 6 29 21 26 27
17 9 3 17 17 25 5 27 24 7 4 1 14 11 2 28 5 21
11 13 30 30 8 9 1 17 13 14 5 3
13 4 14 17 26 30 15 4 10 10 27 15 25 27
13 26 29 30 5 3 13 6 5 14 1 26 23 1
14 30 20 27 15 8 24 10 14 5 11 25 5 12 13
4 27 17 21 22
20 22 21 13 8 26 4 24 26 1 3 2 2 12 18 21 4 25 28 27 4
1 23
5 7 14 7 25 20
6 2 26 19 21 26 5
8 19 15 12 28 12 10 23 15
10 5 19 24 21 9 5 24 29 2 19
5 6 22 10 11 18
6 4 6 28 4 2 18
8 23 13 17 19 26 16 30 19
4 25 22 8 29
16 8 12 7 26 11 15 4 21 2 29 4 14 27 4 28 29
5 2 26 9 15 30
17 18 7 7 24 12 25 6 20 30 17 22 21 23 9 15 20 16
8 8 17 19 27 9 10 26 17
19 8 7 1 1 19 29 16 16 12 24 22 18 24 6 6 15 24 20 13
13 28 24 29 22 27 18 30 1 10 2 9 16 10
19 6 2 30 26 15 10 21 14 24 10 11 3 24 9 15 3 12 21 6
20 2 15 13 20 4 30 8 10 3 29 12 5 29 23 9 15 9 19 25 18
3 11 8 20
17 6 19 30 16 24 28 25 26 27 24 13 21 1 28 21 24 15
2 26 5
9 4 14 13 18 23 28 13 28 7
14 6 21 17 6 8 1 16 25 27 14 18 11 27 5
8 21 1 22 18 19 6 19 13
4 18 11 24 26
17 27 13 21 7 19 14 11 24 2 3 1 6 10 27 17 4 30
3 20 30 3
17 19 13 2 7 29 5 26 7 14 21 16 29 29 13 28 15 22
4 1 11 18 17
4 6 23 30 16
6 7 20 25 30 14 22
2 27 8
12 12 11 18 25 19 22 9 1 9 30 15 8
19 22 20 28 7 2 8 17 18 8 21 26 13 4 22 1 8 12 27 24
2 10 13
16 24 1 5 26 17 21 6 27 24 11 25 2 14 11 28 30
16 15 25 17 28 12 20 5 28 30 18 23 30 8 24 20 29
9 5 3 24 18 27 2 8 5 15
14 13 20 21 7 7 22 14 29 2 10 10 13 7 13
10 18 2 10 24 16 25 27 18 8 9
20 10 11 26 3 14 2 20 24 11 7 22 21 18 13 8 10 17 15 7 15
14 27 4 28 19 11 8 26 25 30 25 4 22 14 2
19 1 7 1 20 5 2 28 2 26 28 8 22 13 3 28 3 4 15 24
18 5 4 22 17 28 22 3 22 11 20 12 11 6 30 30 12 9 16
9 19 30 12 13 12 28 13 7 7
16 22 9 13 28 28 24 29 6 8 20 10 15 19 21 19 3
3 29 29 15
2 22 14
3 18 25 14
2 2 1
7 8 6 21 24 28 16 4
4 15 20 18 19
17 27 4 28 28 20 14 21 17 30 18 23 28 1 28 29 23 19
17 9 3 9 8 19 5 24 13 30 19 21 24 18 30 4 26 18
17 28 24 13 26 12 25 30 15 23 22 23 29 29 15 29 18 1
9 1 7 16 13 12 10 25 4 24
19 22 10 6 18 25 30 8 30 27 25 25 11 15 17 29 28 10 10 28
14 29 22 25 17 21 22 1 5 26 6 3 29 13 19
19 15 28 20 4 3 10 18 17 6 10 4 7 20 3 23 6 12 14 30
19 30 11 19 4 23 28 28 29 16 24 22 26 27 12 1 26 6 3 5
14 26 7 29 20 2 6 13 22 22 25 26 19 16 13
7 20 28 7 20 28 12 21
7 18 30 25 13 3 15 25
7 12 22 16 27 21 21 22
20 20 29 3 8 7 17 6 14 7 11 29 26 21 24 29 12 15 12 16 19
16 15 22 5 11 9 11 14 8 8 14 5 24 21 6 20 21
10 12 10 10 24 23 14 9 17 2 7
2 9 21
15 8 19 3 23 11 25 20 18 4 28 24 20 16 14 21
13 14 14 10 26 4 25 29 19 4 16 8 24 30
1 26
2 25 6
9 21 1 23 27 16 26 1 1 24
19 16 29 20 27 1 23 26 18 22 21 12 30 12 8 14 15 26 18 29
4 8 5 20 24
4 21 3 11 7
18 17 29 17 22 10 9 2 25 26 2 22 10 23 29 12 5 20 16
6 20 9 24 2 12 25
2 10 5
14 17 19 23 8 15 13 10 1 13 1 11 5 27 15
15 5 3 24 11 14 9 3 24 18 29 5 5 3 29 12
6 20 3 18 11 16 30
1 9
14 27 13 8 1 14 6 8 23 24 30 9 26 27 13
10 26 18 4 7 9 14 16 23 29 15
18 27 3 21 22 4 12 2 8 20 18 28 21 18 25 2 6 12 25
5 5 8 29 24 11
15 25 2 7 19 19 18 21 2 12 23 24 21 1 21 13
12 15 25 7 23 18 18 22 23 2 26 30 28
3 28 17 21
20 25 23 29 7 22 4 24 28 1 23 13 15 30 14 28 26 17 19 18 21
5 26 25 28 9 26
11 14 23 21 18 4 9 22 2 3 8 27
6 30 10 29 30 8 11
4 11 5 17 7
2 29 20
19 7 19 12 19 28 14 23 11 12 27 6 22 20 26 4 13 12 11 9
18 4 15 9 1 7 23 24 10 16 12 17 27 12 3 12 10 11 30
3 22 15 12
20 28 16 27 8 28 19 24 24 2 9 1 23 1 14 25 15 12 4 5 3
2 23 30
3 11 29 24
16 12 8 7 18 21 28 6 11 13 8 4 1 16 11 20 28
18 30 8 2 2 28 10 30 15 3 10 10 28 25 29 1 13 17 11
4 12 30 5 15
18 6 29 20 27 20 28 24 4 25 4 12 25 3 8 8 3 21 6
17 30 9 17 17 26 22 28 9 3 24 21 22 22 18 12 7 25
16 17 14 21 14 2 21 10 23 10 6 30 4 7 11 9 3
15 7 15 2 25 28 30 1 16 2 23 21 25 24 6 27
17 12 4 2 5 28 23 18 4 24 10 9 5 2 23 21 9 3
14 10 6 2 11 1 25 3 18 20 25 17 21 27 21
16 15 20 4 4 4 6 27 4 6 2 3 7 11 29 9 23
6 16 16 21 11 10 18
20 1 28 11 23 29 23 26 18 1 1 23 19 28 3 9 18 14 13 5 7
19 13 26 6 20 9 11 26 27 1 25 21 20 20 13 9 20 27 23 4
3 2 25 10
5 9 1 30 7 27
7 26 21 26 26 6 10 19
15 1 30 17 18 20 27 9 18 30 9 17 10 26 26 7
16 25 21 26 1 17 13 2 26 18 14 2 13 5 11 4 7
3 14 22 3
8 29 24 5 11 22 19 26 16
1 4
16 15 15 5 7 23 29 24 15 18 7 8 29 2 25 20 22
15 4 27 2 12 2 27 19 19 11 23 16 24 15 19 20
20 8 21 8 8 23 12 3 20 29 19 30 4 16 21 3 1 2 18 16 24
15 20 24 25 8 13 16 14 11 15 4 29 28 21 10 16
8 12 26 23 5 10 30 4 13
13 16 4 15 29 12 25 26 15 19 21 18 21 3
12 13 23 2 1 5 21 11 20 13 17 4 2
1 27
10 1 18 20 25 8 28 11 12 8 27
5 5 28 8 12 8
10 11 27 22 24 10 9 14 26 29 7
5 5 13 20 8 10
15 30 29 5 4 24 5 10 27 2 27 6 27 18 26 14
